Time:	Direct:	Amplified:
3390	24.542633	24.590912
3495	24.542633	24.590912
3595	24.542633	24.590912
3711	24.542633	24.590912
3811	24.542633	24.590912
3912	24.542633	24.590912
4028	24.542633	24.590912
4128	24.542633	24.590912
4228	24.542633	24.555817
4328	24.542633	24.555817
4428	24.542633	24.555817
4528	24.542633	24.555817
4628	24.542633	24.555817
4729	24.542633	24.555817
4845	24.542633	24.555817
4945	24.542633	24.547028
5062	24.542633	24.547028
5178	24.542633	24.547028
5278	24.542633	24.547028
5378	24.542633	24.547028
5478	24.542633	24.547028
5594	24.542633	24.547028
5695	24.542633	24.547028
5795	24.542633	24.555817
5911	24.542633	24.582123
6011	24.542633	24.60846
6112	24.542633	24.617218
6228	24.630402	24.634796
6328	24.630402	24.661133
6428	24.630402	24.68747
6529	24.7182	24.713806
6644	24.7182	24.748962
6745	24.7182	24.792877
6845	24.80606	24.819244
6945	24.80606	24.845612
7061	24.80606	24.880768
7162	24.893982	24.907135
7262	24.893982	24.933533
7362	24.893982	24.95111
7462	24.981903	24.96872
7578	24.981903	24.995117
7683	24.981903	25.003906
7795	24.981903	25.030334
7895	24.981903	25.039124
7995	25.069946	25.056732
8095	25.069946	25.065521
8212	25.069946	25.08316
8312	25.069946	25.09195
8429	25.069946	25.109558
8544	25.069946	25.118347
8644	25.069946	25.127167
8745	25.069946	25.135986
8846	25.15802	25.144775
8961	25.15802	25.153595
9062	25.15802	25.162384
9162	25.15802	25.162384
9278	25.15802	25.180023
9378	25.15802	25.180023
9479	25.15802	25.197662
9596	25.15802	25.206451
9711	25.15802	25.206451
9812	25.15802	25.215271
9912	25.246124	25.22409
10028	25.246124	25.23291
10128	25.246124	25.2417
10229	25.246124	25.250519
10329	25.246124	25.250519
10445	25.246124	25.259338
10545	25.246124	25.268158
10646	25.246124	25.276978
10761	25.246124	25.276978
10862	25.246124	25.285797
10962	25.246124	25.294617
11062	25.246124	25.294617
11162	25.246124	25.303436
11279	25.246124	25.303436
11396	25.33429	25.312225
11512	25.246124	25.312225
11612	25.33429	25.321075
11712	25.33429	25.321075
11812	25.33429	25.329895
11912	25.33429	25.329895
12012	25.33429	25.329895
12113	25.33429	25.338715
12229	25.33429	25.338715
12345	25.33429	25.338715
12446	25.33429	25.338715
12562	25.33429	25.347534
12679	25.33429	25.356323
12796	25.33429	25.356323
12896	25.33429	25.365173
13011	25.33429	25.365173
13112	25.33429	25.365173
13212	25.33429	25.365173
13312	25.33429	25.373993
13428	25.33429	25.373993
13529	25.33429	25.373993
13629	25.33429	25.382812
13729	25.33429	25.382812
13829	25.33429	25.382812
13929	25.33429	25.382812
14029	25.33429	25.391632
14129	25.33429	25.382812
14246	25.33429	25.391632
14346	25.33429	25.391632
14462	25.33429	25.391632
14578	25.422516	25.400482
14679	25.33429	25.391632
14780	25.33429	25.400482
14895	25.422516	25.400482
14995	25.422516	25.400482
15095	25.33429	25.400482
15196	25.33429	25.409302
15296	25.422516	25.409302
15396	25.422516	25.409302
15496	25.422516	25.409302
15611	25.422516	25.409302
15712	25.422516	25.418121
15813	25.422516	25.418121
15930	25.422516	25.418121
16046	25.422516	25.418121
16146	25.422516	25.418121
16246	25.422516	25.418121
16361	25.422516	25.418121
16462	25.422516	25.42694
16562	25.422516	25.42694
16663	25.422516	25.409302
16779	25.422516	25.418121
16879	25.422516	25.418121
16980	25.422516	25.418121
17080	25.422516	25.418121
17196	25.422516	25.42694
17296	25.422516	25.42694
17396	25.422516	25.418121
17496	25.422516	25.42694
17596	25.422516	25.42694
17712	25.422516	25.418121
17813	25.33429	25.400482
17929	25.33429	25.382812
18029	25.33429	25.365173
18130	25.33429	25.356323
18245	25.33429	25.338715
18346	25.33429	25.329895
18446	25.33429	25.321075
18546	25.246124	25.303436
18646	25.246124	25.294617
18763	25.246124	25.285797
18863	25.246124	25.276978
18979	25.246124	25.268158
19079	25.246124	25.259338
19179	25.246124	25.250519
19280	25.15802	25.2417
19395	25.246124	25.23291
19496	25.15802	25.22409
19596	25.15802	25.215271
19697	25.15802	25.206451
19813	25.15802	25.197662
19913	25.15802	25.188843
20030	25.15802	25.180023
20146	25.15802	25.171204
20246	25.15802	25.162384
20346	25.15802	25.153595
20446	25.15802	25.144775
20546	25.15802	25.135986
20646	25.15802	25.135986
20746	25.069946	25.127167
20846	25.069946	25.118347
20946	25.069946	25.109558
21046	25.069946	25.109558
21146	25.069946	25.100739
21263	25.069946	25.09195
21363	25.069946	25.08316
21463	25.069946	25.07434
21563	25.069946	25.07434
21679	25.069946	25.065521
21780	24.981903	25.056732
21880	24.981903	25.047913
21995	24.981903	25.047913
22096	24.981903	25.039124
22196	24.981903	25.030334
22297	24.981903	25.030334
22413	24.981903	25.021545
22513	24.981903	25.021545
22613	24.981903	25.012726
22729	24.981903	25.003906
22829	24.981903	24.995117
22930	24.981903	24.995117
23030	24.981903	24.986328
23146	24.981903	24.97754
23246	24.981903	24.97754
23346	24.981903	24.96872
23446	24.893982	24.96872
23546	24.893982	24.95993
23662	24.893982	24.95111
23764	24.893982	24.95111
23880	24.981903	24.942322
23997	24.893982	24.933533
24113	24.893982	24.933533
24213	24.893982	24.924744
24313	24.893982	24.924744
24413	24.893982	24.924744
24513	24.893982	24.915955
24613	24.893982	24.907135
24713	24.893982	24.907135
24813	24.893982	24.898346
24913	24.893982	24.898346
25013	24.893982	24.898346
25114	24.893982	24.889557
25229	24.893982	24.889557
25330	24.893982	24.880768
25430	24.80606	24.871979
25530	24.893982	24.871979
25630	24.893982	24.86319
25730	24.80606	24.86319
25830	24.80606	24.8544
25946	24.80606	24.8544
26046	24.80606	24.8544
26146	24.80606	24.845612
26247	24.80606	24.836823
26363	24.80606	24.836823
26463	24.80606	24.836823
26564	24.80606	24.828033
26680	24.80606	24.828033
26780	24.80606	24.819244
26880	24.80606	24.819244
26980	24.80606	24.819244
27097	24.80606	24.810455
27213	24.80606	24.810455
27314	24.80606	24.801666
27430	24.80606	24.801666
27546	24.80606	24.792877
27646	24.80606	24.792877
27747	24.7182	24.792877
27863	24.7182	24.784088
27963	24.7182	24.784088
28064	24.7182	24.7753
28180	24.7182	24.7753
28280	24.7182	24.7753
28380	24.7182	24.76651
28480	24.7182	24.76651
28597	24.7182	24.75772
28713	24.7182	24.75772
28813	24.7182	24.75772
28913	24.7182	24.748962
29013	24.7182	24.748962
29114	24.7182	24.748962
29214	24.7182	24.740143
29330	24.7182	24.740143
29430	24.7182	24.740143
29530	24.7182	24.740143
29630	24.7182	24.731384
29730	24.7182	24.731384
29830	24.7182	24.731384
29931	24.7182	24.722595
30046	24.7182	24.722595
30146	24.7182	24.722595
30247	24.630402	24.713806
30348	24.7182	24.713806
30464	24.7182	24.713806
30581	24.7182	24.705017
30697	24.7182	24.705017
30797	24.7182	24.705017
30914	24.630402	24.696259
31031	24.630402	24.696259
31148	24.630402	24.696259
31264	24.630402	24.696259
31364	24.630402	24.696259
31464	24.630402	24.68747
31564	24.630402	24.68747
31664	24.630402	24.67871
31764	24.630402	24.67871
31864	24.630402	24.67871
31980	24.630402	24.67871
32081	24.630402	24.669891
32197	24.630402	24.669891
32314	24.630402	24.669891
32414	24.630402	24.661133
32531	24.630402	24.661133
32631	24.630402	24.661133
32747	24.630402	24.661133
32847	24.630402	24.661133
32948	24.630402	24.652344
33064	24.630402	24.652344
33164	24.630402	24.652344
33264	24.630402	24.652344
33365	24.630402	24.643585
33469	24.630402	24.643585
33569	24.630402	24.643585
33670	24.630402	24.643585
33786	24.630402	24.634796
33886	24.630402	24.634796
33986	24.630402	24.634796
34087	24.542633	24.634796
34202	24.630402	24.634796
34303	24.630402	24.626007
34404	24.630402	24.626007
34504	24.630402	24.626007
34620	24.542633	24.626007
34720	24.630402	24.626007
34820	24.542633	24.617218
34936	24.630402	24.617218
35036	24.542633	24.617218
35137	24.542633	24.617218
35253	24.542633	24.60846
35369	24.630402	24.60846
35469	24.630402	24.60846
35570	24.630402	24.60846
35686	24.542633	24.60846
35787	24.542633	24.59967
35904	24.542633	24.59967
36004	24.542633	24.59967
36119	24.630402	24.59967
36220	24.542633	24.59967
36320	24.542633	24.590912
36436	24.542633	24.590912
36537	24.542633	24.590912
36653	24.542633	24.590912
36753	24.542633	24.590912
36853	24.542633	24.590912
36954	24.542633	24.590912
37054	24.542633	24.582123
37170	24.542633	24.582123
37270	24.542633	24.582123
37370	24.542633	24.582123
37471	24.542633	24.582123
37586	24.542633	24.573334
37686	24.542633	24.582123
37787	24.542633	24.573334
37902	24.542633	24.573334
38003	24.542633	24.573334
38103	24.542633	24.573334
38203	24.542633	24.573334
38320	24.542633	24.573334
38420	24.542633	24.573334
38520	24.542633	24.573334
38620	24.542633	24.573334
38720	24.542633	24.564575
38820	24.542633	24.573334
38921	24.542633	24.564575
39037	24.542633	24.564575
39154	24.542633	24.564575
39254	24.542633	24.564575
39369	24.542633	24.564575
39469	24.542633	24.564575
39570	24.542633	24.564575
39671	24.542633	24.564575
39787	24.542633	24.564575
39903	24.542633	24.555817
40004	24.542633	24.555817
40119	24.542633	24.555817
40220	24.542633	24.555817
40320	24.542633	24.555817
40421	24.542633	24.555817
40537	24.542633	24.555817
40654	24.542633	24.555817
40754	24.542633	24.555817
40870	24.542633	24.547028
40986	24.542633	24.555817
41087	24.542633	24.547028
41188	24.542633	24.547028
41303	24.542633	24.547028
41403	24.542633	24.547028
41504	24.542633	24.547028
41620	24.542633	24.547028
41721	24.542633	24.547028
41836	24.542633	24.547028
41936	24.542633	24.547028
42037	24.542633	24.547028
42153	24.542633	24.547028
42254	24.542633	24.547028
42355	24.542633	24.547028
42456	24.542633	24.547028
42573	24.542633	24.538269
42689	24.542633	24.547028
42789	24.542633	24.538269
42894	24.454956	24.538269
42994	24.542633	24.538269
43097	24.542633	24.538269
43198	24.542633	24.538269
43300	24.454956	24.52948
43416	24.454956	24.52948
43517	24.454956	24.52948
43617	24.454956	24.52948
43717	24.542633	24.52948
43828	24.542633	24.520721
43929	24.542633	24.52948
44029	24.454956	24.52948
44144	24.542633	24.52948
44244	24.454956	24.520721
44345	24.542633	24.520721
44461	24.454956	24.520721
44578	24.454956	24.520721
44678	24.454956	24.520721
44794	24.542633	24.520721
44894	24.454956	24.520721
44995	24.454956	24.520721
45095	24.454956	24.520721
45210	24.454956	24.511932
45311	24.454956	24.520721
45411	24.454956	24.520721
45511	24.454956	24.511932
45611	24.454956	24.511932
45711	24.454956	24.511932
45811	24.454956	24.511932
45911	24.454956	24.520721
46028	24.454956	24.511932
46128	24.454956	24.511932
46228	24.454956	24.511932
46328	24.454956	24.520721
46444	24.454956	24.511932
46544	24.454956	24.511932
46661	24.454956	24.520721
46761	24.454956	24.52948
46861	24.454956	24.52948
46962	24.542633	24.52948
47078	24.542633	24.520721
47178	24.630402	24.59967
47295	24.542633	24.573334
47395	24.542633	24.590912
47496	24.542633	24.60846
47612	24.542633	24.634796
47712	24.7182	24.696259
47812	24.7182	24.705017
47913	24.7182	24.731384
48030	24.7182	24.731384
48130	24.7182	24.731384
48245	24.7182	24.722595
48345	24.7182	24.713806
48446	24.7182	24.713806
48546	24.7182	24.713806
48646	24.630402	24.713806
48763	24.7182	24.713806
48863	24.7182	24.713806
48963	24.630402	24.713806
49080	24.630402	24.713806
49180	24.7182	24.713806
49280	24.7182	24.731384
49487	24.7182	24.75772
49602	24.7182	24.792877
49702	24.80606	24.836823
49803	24.80606	24.828033
49903	24.893982	24.8544
50004	24.893982	24.924744
50119	24.893982	24.95111
50219	24.893982	24.95111
50320	24.893982	24.933533
50436	24.893982	25.012726
50536	24.981903	24.995117
50637	24.981903	25.003906
50753	24.981903	25.056732
50853	25.15802	24.986328
50953	25.069946	25.100739
51053	25.15802	25.039124
51169	24.893982	25.07434
51269	24.893982	25.08316
51369	25.069946	25.08316
51470	24.981903	25.127167
51570	24.893982	25.07434
51670	25.069946	25.065521
51770	25.069946	25.188843
51870	24.981903	25.162384
51987	25.246124	25.100739
52103	25.069946	25.180023
52203	25.069946	25.171204
52320	25.33429	25.153595
52437	25.15802	25.171204
52554	25.069946	25.171204
52669	25.15802	25.144775
52769	24.981903	25.135986
52871	25.15802	25.276978
52971	25.246124	25.153595
53086	25.246124	25.162384
53187	25.15802	25.206451
53304	25.15802	25.22409
53420	25.422516	25.171204
53520	25.422516	25.321075
53620	25.069946	25.162384
53721	25.069946	25.215271
53837	25.246124	25.2417
53938	25.15802	25.303436
54038	25.422516	25.312225
54153	25.246124	25.22409
54255	25.15802	25.338715
54355	25.15802	25.2417
54456	25.33429	25.250519
54571	25.246124	25.2417
54672	25.422516	25.215271
54772	25.33429	25.23291
54872	25.422516	25.206451
54988	25.069946	25.250519
55088	25.15802	25.268158
55188	25.069946	25.2417
55288	25.33429	25.180023
55389	25.246124	25.259338
55489	25.246124	25.285797
55605	25.246124	25.285797
55705	25.246124	25.276978
55805	25.246124	25.268158
55921	25.246124	25.259338
56031	25.246124	25.2417
56135	25.15802	25.23291
56236	25.15802	25.22409
56352	25.15802	25.206451
56468	25.15802	25.197662
56568	25.15802	25.188843
56668	25.15802	25.180023
56768	25.15802	25.171204
56868	25.15802	25.162384
56969	25.069946	25.153595
57076	25.069946	25.144775
57176	25.069946	25.135986
57276	25.069946	25.127167
57376	25.069946	25.118347
57476	25.069946	25.109558
57576	25.069946	25.100739
57676	25.069946	25.09195
57776	25.069946	25.09195
57876	25.069946	25.08316
57976	24.981903	25.07434
58077	24.981903	25.07434
58192	25.069946	25.056732
58293	24.981903	25.056732
58393	25.069946	25.047913
58495	24.981903	25.039124
58597	24.981903	25.039124
58701	24.981903	25.030334
58805	24.981903	25.021545
58905	24.981903	25.012726
59005	24.981903	25.012726
59106	24.981903	25.003906
59221	24.981903	25.003906
59337	24.981903	24.995117
59454	24.893982	24.986328
59570	24.981903	24.986328
59670	24.981903	24.97754
59771	24.981903	24.96872
59873	24.893982	24.95993
59973	24.893982	24.95993
60089	24.981903	24.95993
60189	24.981903	24.95111
60301	24.893982	24.942322
60416	24.893982	24.942322
60516	24.893982	24.933533
60617	24.893982	24.924744
60717	24.893982	24.924744
60833	24.893982	24.924744
60933	24.893982	24.915955
61034	24.893982	24.915955
61150	24.893982	24.907135
61251	24.893982	24.907135
61357	24.893982	24.898346
61459	24.893982	24.898346
61575	24.893982	24.889557
61691	24.893982	24.880768
61792	24.80606	24.880768
61908	24.80606	24.871979
62009	24.893982	24.871979
62126	24.893982	24.86319
62243	24.80606	24.86319
62358	24.893982	24.86319
62458	24.80606	24.86319
62558	24.893982	24.880768
62658	24.893982	24.880768
62758	24.893982	24.880768
62858	24.893982	24.907135
62958	24.893982	24.907135
63058	24.893982	24.924744
63159	24.893982	24.942322
63275	24.893982	24.95993
63375	24.893982	24.986328
63488	24.981903	25.003906
63590	24.981903	24.995117
63690	24.981903	24.995117
63806	24.981903	25.003906
63908	24.981903	25.030334
64009	24.981903	25.08316
64109	24.981903	25.047913
64209	25.069946	25.065521
64309	25.069946	25.08316
64413	25.069946	25.100739
64530	25.069946	25.118347
64630	25.069946	25.109558
64747	25.15802	25.100739
64864	25.069946	25.135986
64979	25.15802	25.118347
65079	25.15802	25.180023
65180	25.15802	25.171204
65296	25.069946	25.144775
65396	25.15802	25.197662
65497	25.15802	25.171204
65610	25.15802	25.162384
65725	25.15802	25.162384
65825	25.15802	25.153595
65926	25.246124	25.215271
66026	25.15802	25.2417
66126	25.246124	25.206451
66242	25.246124	25.162384
66342	25.246124	25.268158
66442	25.15802	25.188843
66542	25.246124	25.188843
66642	25.15802	25.188843
66753	25.15802	25.268158
66854	25.069946	25.268158
66970	25.246124	25.215271
67075	25.15802	25.2417
67190	25.246124	25.215271
67291	25.246124	25.268158
67395	25.246124	25.276978
67495	25.15802	25.268158
67612	25.15802	25.22409
67712	25.15802	25.276978
67812	25.246124	25.250519
67928	25.246124	25.259338
68029	25.33429	25.23291
68146	25.246124	25.259338
68246	25.33429	25.276978
68361	25.246124	25.276978
68461	25.246124	25.259338
68562	25.15802	25.259338
68678	25.246124	25.294617
68778	25.246124	25.285797
68882	25.246124	25.285797
68982	25.246124	25.259338
69082	25.246124	25.285797
69182	25.246124	25.285797
69282	25.246124	25.268158
69386	25.246124	25.276978
69486	25.246124	25.276978
69588	25.246124	25.294617
69705	25.246124	25.276978
69820	25.246124	25.285797
69928	25.246124	25.268158
70028	25.33429	25.294617
70129	25.246124	25.303436
70245	25.246124	25.285797
70345	25.246124	25.268158
70446	25.246124	25.303436
70561	25.33429	25.303436
70662	25.33429	25.285797
70762	25.246124	25.294617
70863	25.33429	25.285797
70975	25.33429	25.294617
71092	25.246124	25.294617
71209	25.246124	25.285797
71325	25.246124	25.321075
71425	25.246124	25.303436
71525	25.33429	25.268158
71641	25.246124	25.312225
71742	25.246124	25.303436
71858	25.246124	25.294617
71958	25.33429	25.276978
72064	25.246124	25.303436
72164	25.33429	25.329895
72264	25.33429	25.294617
72364	25.246124	25.276978
72465	25.246124	25.312225
72581	25.33429	25.338715
72681	25.33429	25.303436
72781	25.246124	25.285797
72882	25.33429	25.294617
72982	25.33429	25.329895
73097	25.246124	25.312225
73213	25.246124	25.294617
73314	25.15802	25.312225
73414	25.246124	25.329895
73529	25.33429	25.312225
73630	25.246124	25.303436
73730	25.246124	25.294617
73831	25.33429	25.329895
73946	25.246124	25.312225
74047	25.33429	25.312225
74154	25.246124	25.294617
74254	25.33429	25.312225
74367	25.246124	25.329895
74467	25.33429	25.338715
74568	25.422516	25.303436
74684	25.33429	25.312225
74801	25.33429	25.321075
74918	25.33429	25.312225
75034	25.246124	25.303436
75134	25.246124	25.285797
75248	25.246124	25.276978
75348	25.246124	25.268158
75448	25.15802	25.250519
75549	25.246124	25.2417
75665	25.15802	25.23291
75781	25.246124	25.22409
75881	25.15802	25.215271
75981	25.15802	25.197662
76081	25.15802	25.197662
76182	25.15802	25.180023
76290	25.15802	25.180023
76397	25.15802	25.162384
76512	25.15802	25.153595
76612	25.15802	25.144775
76713	25.15802	25.135986
76813	25.15802	25.127167
76930	25.069946	25.118347
77046	25.069946	25.109558
77147	25.069946	25.109558
77264	25.069946	25.09195
77380	25.069946	25.08316
77481	25.069946	25.08316
77581	25.069946	25.07434
77697	25.069946	25.065521
77797	25.069946	25.056732
77898	25.069946	25.047913
77998	24.981903	25.039124
78114	24.981903	25.039124
78215	24.981903	25.030334
78315	24.981903	25.021545
78421	24.981903	25.021545
78537	24.981903	25.012726
78637	24.981903	25.003906
78738	24.981903	24.995117
78854	24.981903	24.995117
78954	24.981903	24.986328
79055	24.893982	24.97754
79155	24.893982	24.97754
79271	24.981903	24.96872
79371	24.893982	24.96872
79472	24.893982	24.95993
79573	24.893982	24.95993
79689	24.893982	24.942322
79789	24.893982	24.942322
79891	24.893982	24.942322
80007	24.893982	24.933533
80107	24.893982	24.924744
80208	24.893982	24.924744
80323	24.893982	24.915955
80425	24.893982	24.915955
80525	24.893982	24.907135
80641	24.893982	24.898346
80757	24.893982	24.898346
80857	24.893982	24.889557
80958	24.893982	24.889557
81074	24.893982	24.880768
81174	24.80606	24.880768
81275	24.80606	24.871979
81380	24.80606	24.871979
81480	24.80606	24.86319
81580	24.893982	24.86319
81695	24.80606	24.86319
81796	24.80606	24.8544
81897	24.80606	24.845612
82013	24.80606	24.845612
82113	24.80606	24.836823
82214	24.80606	24.836823
82331	24.80606	24.828033
82448	24.80606	24.828033
82564	24.80606	24.819244
82681	24.80606	24.819244
82798	24.80606	24.810455
82915	24.80606	24.810455
83015	24.80606	24.801666
83115	24.80606	24.801666
83216	24.80606	24.792877
83331	24.80606	24.792877
83431	24.7182	24.792877
83532	24.7182	24.784088
83632	24.7182	24.784088
83732	24.7182	24.784088
83848	24.7182	24.7753
83948	24.7182	24.7753
84048	24.7182	24.76651
84148	24.7182	24.76651
84248	24.7182	24.76651
84348	24.7182	24.75772
84448	24.7182	24.75772
84548	24.7182	24.748962
84648	24.7182	24.748962
84749	24.7182	24.748962
84864	24.7182	24.748962
84964	24.7182	24.740143
85064	24.7182	24.740143
85181	24.7182	24.731384
85281	24.7182	24.731384
85388	24.7182	24.731384
85504	24.7182	24.731384
85620	24.7182	24.722595
85721	24.7182	24.722595
85821	24.7182	24.713806
85937	24.630402	24.713806
86052	24.7182	24.713806
86153	24.7182	24.713806
86269	24.7182	24.705017
86370	24.7182	24.705017
86470	24.630402	24.696259
86570	24.7182	24.696259
86687	24.630402	24.696259
86803	24.630402	24.696259
86904	24.630402	24.696259
87012	24.630402	24.68747
87113	24.630402	24.68747
87229	24.630402	24.68747
87329	24.630402	24.67871
87429	24.630402	24.68747
87545	24.630402	24.67871
87645	24.630402	24.67871
87745	24.630402	24.67871
87845	24.630402	24.67871
87945	24.630402	24.67871
88062	24.630402	24.669891
88162	24.630402	24.669891
88262	24.630402	24.669891
88363	24.630402	24.669891
88464	24.630402	24.669891
88564	24.630402	24.661133
88680	24.630402	24.661133
88780	24.630402	24.661133
88883	24.630402	24.661133
88983	24.630402	24.661133
89099	24.630402	24.661133
89199	24.630402	24.652344
89299	24.630402	24.652344
89416	24.630402	24.652344
89532	24.630402	24.652344
89632	24.630402	24.652344
89733	24.630402	24.643585
89848	24.630402	24.643585
89949	24.630402	24.643585
90049	24.630402	24.643585
90150	24.630402	24.634796
90250	24.630402	24.634796
90355	24.630402	24.634796
90455	24.630402	24.634796
90571	24.630402	24.634796
90671	24.630402	24.634796
90771	24.630402	24.634796
90888	24.630402	24.626007
91004	24.630402	24.626007
91104	24.630402	24.626007
91204	24.630402	24.626007
91305	24.630402	24.626007
91420	24.542633	24.626007
91521	24.630402	24.617218
91621	24.630402	24.617218
91721	24.630402	24.617218
91838	24.630402	24.617218
91954	24.542633	24.617218
92055	24.630402	24.617218
92172	24.542633	24.617218
92288	24.630402	24.60846
92388	24.630402	24.60846
92488	24.630402	24.60846
92603	24.542633	24.60846
92704	24.542633	24.60846
92805	24.542633	24.60846
92906	24.542633	24.59967
93022	24.542633	24.60846
93123	24.542633	24.59967
93223	24.542633	24.59967
93340	24.542633	24.59967
93449	24.542633	24.59967
93565	24.542633	24.59967
93665	24.542633	24.59967
93766	24.542633	24.59967
93866	24.630402	24.590912
93967	24.542633	24.590912
94083	24.542633	24.590912
94183	24.542633	24.590912
94283	24.542633	24.590912
94385	24.542633	24.590912
94488	24.542633	24.590912
94604	24.542633	24.582123
94704	24.542633	24.590912
94805	24.542633	24.590912
94921	24.542633	24.590912
95022	24.542633	24.582123
95139	24.542633	24.582123
95255	24.542633	24.582123
95357	24.542633	24.582123
95458	24.542633	24.582123
95571	24.542633	24.582123
95672	24.542633	24.582123
95773	24.542633	24.582123
95874	24.542633	24.582123
95989	24.542633	24.573334
96090	24.542633	24.573334
96190	24.542633	24.573334
96291	24.542633	24.582123
96406	24.542633	24.573334
96508	24.542633	24.573334
96609	24.542633	24.573334
96726	24.542633	24.573334
96826	24.542633	24.573334
96942	24.542633	24.573334
97043	24.542633	24.573334
97143	24.542633	24.564575
97260	24.542633	24.564575
97361	24.542633	24.564575
97461	24.542633	24.564575
97561	24.542633	24.564575
97672	24.542633	24.564575
97789	24.542633	24.564575
97889	24.542633	24.564575
97990	24.542633	24.564575
98090	24.542633	24.555817
98206	24.542633	24.555817
98307	24.542633	24.555817
98424	24.542633	24.555817
98524	24.542633	24.555817
98640	24.542633	24.555817
98752	24.542633	24.555817
98852	24.542633	24.555817
98952	24.542633	24.555817
99068	24.542633	24.555817
99169	24.542633	24.547028
99269	24.542633	24.555817
99369	24.542633	24.547028
99486	24.542633	24.547028
99586	24.542633	24.547028
99702	24.542633	24.547028
99812	24.542633	24.547028
99928	24.542633	24.547028
100028	24.542633	24.547028
100144	24.542633	24.547028
100244	24.542633	24.547028
100345	24.454956	24.547028
100445	24.542633	24.547028
100561	24.542633	24.538269
100661	24.542633	24.538269
100761	24.542633	24.538269
100866	24.542633	24.538269
100982	24.454956	24.547028
101082	24.542633	24.538269
101198	24.454956	24.538269
101299	24.542633	24.538269
101402	24.542633	24.538269
101503	24.542633	24.538269
101620	24.542633	24.538269
101736	24.454956	24.538269
101851	24.454956	24.538269
101958	24.542633	24.52948
102059	24.542633	24.538269
102159	24.542633	24.538269
102259	24.542633	24.52948
102376	24.542633	24.52948
102492	24.542633	24.52948
102592	24.454956	24.52948
102708	24.454956	24.52948
102809	24.542633	24.52948
102917	24.542633	24.52948
103026	24.454956	24.52948
103142	24.454956	24.52948
103243	24.454956	24.52948
103360	24.454956	24.52948
103475	24.454956	24.520721
103576	24.454956	24.52948
103676	24.454956	24.520721
103776	24.454956	24.520721
103879	24.454956	24.520721
103979	24.454956	24.520721
104079	24.454956	24.520721
104194	24.454956	24.520721
104295	24.454956	24.520721
104399	24.454956	24.520721
104516	24.454956	24.511932
104632	24.454956	24.511932
104749	24.454956	24.511932
104865	24.454956	24.511932
104981	24.454956	24.511932
105082	24.454956	24.511932
105182	24.454956	24.511932
105298	24.454956	24.511932
105398	24.454956	24.511932
105498	24.454956	24.511932
105598	24.454956	24.511932
105698	24.454956	24.511932
105799	24.454956	24.511932
105902	24.454956	24.503174
106002	24.454956	24.503174
106119	24.454956	24.503174
106225	24.454956	24.503174
106327	24.454956	24.503174
106444	24.454956	24.503174
106560	24.454956	24.503174
106660	24.454956	24.503174
106760	24.454956	24.503174
106861	24.454956	24.503174
106961	24.454956	24.503174
107077	24.454956	24.503174
107177	24.454956	24.503174
107277	24.454956	24.503174
107378	24.454956	24.503174
107478	24.454956	24.503174
107593	24.454956	24.503174
107694	24.454956	24.494415
107794	24.454956	24.503174
107896	24.454956	24.494415
107996	24.454956	24.494415
108097	24.454956	24.503174
108197	24.454956	24.503174
108314	24.454956	24.494415
108421	24.454956	24.503174
108521	24.454956	24.494415
108621	24.454956	24.494415
108737	24.454956	24.494415
108838	24.454956	24.494415
108954	24.454956	24.494415
